15
1000
-75 3
-67 39
-1 -37
-83 -86
94 -63
-9 56
36 1
-5 -29
-24 -11
-59 -10
-64 -66
79 -62
100 -35
-28 -60
36 94
77 77
74 50
-40 27
74 34
-78 -94
46 -92
-79 73
75 -92
-19 -74
10 -96
83 95
16 -38
66 20
-47 40
34 25
72 -77
-37 60
14 74
-6 90
-84 61
10 97
-32 -23
100 74
-91 94
88 29
89 43
50 -36
-35 96
24 38
32 -85
59 81
-55 19
72 -9
-84 -81
56 -93
-30 -88
-84 3
20 14
-96 0
25 -48
51 -76
-36 -62
-34 92
21 6
29 -55
61 92
29 55
87 -75
21 51
47 42
42 23
79 2
5 -1
92 94
62 -48
30 -99
-92 -85
19 -94
79 -82
43 -96
83 50
98 -89
40 93
-20 -10
3 -1
-46 24
-84 -90
42 -49
77 -79
-81 -3
62 -52
-73 5
-19 -82
30 37
-89 29
28 -2
-33 57
-100 -76
76 -93
82 -43
-41 76
75 -45
51 2
30 -13
-41 97
-34 -95
-13 -60
24 65
-43 -94
-52 96
-90 77
43 -64
-21 -84
98 -46
39 39
1 10
28 88
-11 95
-35 -82
99 -86
28 -58
-47 87
-2 -80
-100 44
36 79
88 -42
9 81
-20 79
-71 13
-19 -98
-50 17
56 11
57 -99
-21 77
6 -31
49 -85
-24 -48
55 -10
74 -35
-49 72
62 52
11 -62
21 -8
-16 -71
-3 -77
79 98
-60 -19
44 -21
58 -2
46 -19
8 11
-52 28
60 37
-75 89
2 -76
-28 96
26 -36
18 8
20 56
-8 41
-91 43
-4 -45
-63 -6
6 -81
25 14
-32 -52
78 38
33 -70
58 55
-21 -88
-86 -4
-35 -64
-92 11
-49 32
95 -100
41 -31
-97 -76
-1 -41
20 50
40 24
-27 63
-72 87
-93 -79
-62 40
67 -85
-66 77
-59 52
12 -18
-66 -95
53 -32
17 -22
82 -31
-87 -55
-68 95
-19 16
-25 76
-64 -69
-71 -74
-57 -77
-39 96
53 42
13 -35
17 3
-63 72
-81 60
-88 -99
-1 -60
74 42
13 -62
-78 6
59 -24
-53 -98
-59 21
62 -54
50 94
-78 -64
-31 -32
90 26
86 -20
44 54
47 66
98 -40
51 72
-63 50
-83 -6
-5 -5
20 7
8 26
31 12
15 100
19 -78
13 1
-36 4
13 27
18 -40
15 -77
28 -10
19 13
34 20
-82 -29
85 -28
-26 97
-20 100
-22 24
80 -51
56 65
55 -45
-88 85
-32 55
-74 -39
96 54
15 -92
7 -78
-18 -32
-87 -10
-39 28
-62 65
11 -74
5 -13
-51 -84
-67 -25
-38 -13
-71 50
45 -75
-59 -93
-73 13
16 43
-74 63
41 97
84 -10
54 -19
67 -56
91 84
84 -56
1 96
-53 24
5 -61
-27 -59
49 84
-33 -45
-51 54
94 6
-40 -42
84 -61
-24 -66
63 93
97 -40
-70 -14
91 8
-22 -92
-79 63
76 -63
-25 54
14 88
-64 -62
-19 29
-3 94
-19 -12
-11 -78
-68 18
56 87
-83 -49
12 -39
98 -27
47 11
-14 87
-23 38
75 51
-92 -42
-65 7
-39 -85
-100 18
-62 17
65 -25
16 95
-98 78
5 91
-86 47
-20 12
-41 25
6 -1
23 -44
-63 90
-42 -55
-15 -30
17 -6
-62 -6
85 7
-62 -62
66 -48
-19 21
-98 -73
27 43
97 75
-67 -2
86 -23
9 36
97 -10
61 -1
85 -83
78 -84
67 -65
13 89
-45 -66
66 29
-86 -98
-37 89
93 -50
16 -33
-51 83
-5 -100
-74 -54
49 29
-20 36
82 2
83 -84
-52 58
78 -92
10 -47
-89 -14
-78 61
79 25
-53 -7
-2 -17
-32 -44
-13 3
-93 69
73 -74
61 86
93 68
-99 -56
16 9
-95 -89
34 26
-31 7
75 -64
-24 48
86 -5
63 99
90 68
100 -40
-35 -47
5 76
-98 -78
46 -82
-67 56
-83 -18
53 82
88 -12
-41 58
5 -22
-11 -8
43 63
54 98
-96 -12
-51 86
78 25
-81 -36
78 31
32 44
99 -64
100 79
96 -36
7 93
18 -68
59 26
55 -20
71 -13
-5 -81
71 56
70 -2
50 -76
8 -1
48 73
86 41
-69 3
-12 -18
93 35
-60 -64
-7 54
67 -14
24 -88
-96 -50
-35 -87
45 -6
-42 -53
-76 36
-3 -29
64 -27
47 -9
90 -20
-17 44
-95 70
-13 -63
-34 54
-37 10
87 63
-45 12
6 -87
52 -51
-27 59
-45 8
30 -67
-36 48
-81 -80
-79 0
7 -20
-57 -71
-59 62
-86 -78
32 68
-62 -46
87 -93
-95 20
29 -39
92 -7
8 -28
-41 67
-27 2
0 32
-46 -15
-45 49
69 26
7 56
-70 -69
-24 -71
-14 45
38 -23
-39 48
-18 73
50 -58
-79 74
-61 -60
24 -67
-93 -83
22 -55
98 -83
4 -50
97 31
-7 1
-38 -33
26 -55
60 -84
-35 94
-53 -71
-5 -92
77 45
73 75
-23 49
-85 -78
-35 -98
-9 12
-9 11
-100 -98
24 98
47 28
-57 -78
30 -18
24 -32
-56 41
-28 52
65 85
57 46
31 -84
-39 7
91 -58
85 -55
64 80
22 -70
65 60
-22 -38
67 2
75 80
45 21
-38 -21
-54 55
-67 -92
92 49
-42 86
55 -93
-34 71
-4 -100
89 -85
-92 27
74 -67
75 56
-17 68
76 33
31 -22
-5 6
-62 -80
6 44
-71 -24
-59 58
21 -70
-67 53
35 6
77 -25
-98 68
78 -4
40 16
-39 -38
-19 20
-11 37
-86 94
-14 63
23 64
42 -48
84 39
-64 -67
-37 81
-48 71
69 -43
-77 -99
14 28
9 -20
77 71
-85 -28
84 -21
4 -53
14 37
47 -6
24 97
27 58
83 7
80 57
-18 31
36 -50
38 57
98 51
47 26
43 19
-6 6
59 5
-27 88
-92 -69
8 84
-77 0
49 -8
82 1
-27 80
98 -39
-35 -63
-60 25
58 75
-19 -29
79 52
67 21
-74 -83
79 3
-86 83
61 34
41 -15
23 12
68 88
-41 -22
26 9
62 -5
98 -95
88 56
56 25
-84 100
-26 -57
-37 -58
-62 -97
-11 -15
-17 37
14 -49
23 28
61 -11
24 75
23 67
-88 -61
10 56
-49 20
-90 87
15 -99
17 -1
52 -18
-48 39
45 16
44 64
-100 -25
44 -60
77 -35
44 -32
79 12
14 23
63 89
92 -62
2 34
-61 11
-46 -99
-13 0
20 -98
-88 -16
83 100
24 -59
-13 -62
75 -5
-60 61
96 -76
76 -13
79 -53
-91 41
92 83
95 -92
-59 9
-8 72
89 -34
-42 92
-76 22
41 80
-100 -16
-61 98
44 58
82 8
66 -28
-5 -89
-72 -43
17 62
-89 81
52 -89
-4 -15
-38 -92
-15 -59
-39 60
-49 -35
-63 37
58 -83
-35 -20
83 -22
60 8
92 -55
93 -80
37 83
85 -76
63 14
64 -45
-22 -72
-65 -31
-2 81
0 -42
-16 -27
67 84
-33 91
-54 96
25 -3
-60 82
-60 -81
58 84
24 -96
-17 -42
-54 -9
-16 -30
76 -78
83 25
-60 78
-12 18
-24 -93
48 2
34 -2
-24 -61
89 87
16 3
-60 -30
-64 -39
66 3
19 -62
35 -9
-23 39
50 -53
79 51
70 47
21 -62
27 28
38 -96
-40 14
79 -38
25 91
87 -32
-87 95
23 -51
-2 -54
38 -64
-34 -7
-85 -70
16 42
-95 -23
-69 14
100 90
86 -95
-54 87
23 5
-90 -81
37 87
-40 -75
-69 52
-33 73
56 53
-96 97
-84 62
-8 -78
-48 -36
-98 -18
5 -64
-89 -91
41 -17
22 77
49 8
73 52
75 -25
12 61
-17 -85
39 8
-69 16
-37 -72
-14 13
6 -41
46 -8
-42 97
-54 -51
-15 -95
-29 -21
-35 39
-50 -53
-94 -32
-71 6
-7 20
-60 -33
99 93
48 -93
9 65
10 82
90 -74
16 76
25 -85
88 -19
-31 -94
-61 80
-17 46
42 2
-14 -67
31 -95
98 49
-98 -40
21 36
-19 69
97 -29
28 49
69 -94
57 90
-87 -34
98 38
38 41
-90 9
-1 -44
-94 7
-28 85
55 -86
-31 75
11 -21
16 -97
56 -35
8 -82
-100 -92
-51 95
9 56
-16 46
44 89
-79 -17
65 -60
94 -27
-8 2
-95 -6
-88 -10
-80 47
-30 -41
5 -99
-87 -58
-15 21
57 -19
-26 -59
-5 -33
-24 19
23 -31
-28 -91
-94 -37
-30 27
-40 -62
-32 11
-90 -58
-53 66
-53 -80
8 78
80 91
71 24
-62 19
84 46
-42 -28
65 47
48 -80
-1 -45
94 -71
7 -75
-87 -21
-67 -15
8 63
35 -5
-82 40
-27 -87
-29 -23
-26 58
52 76
62 92
-86 55
2 59
-95 40
33 -84
96 38
79 -63
-69 -91
93 -72
-9 -43
34 -97
84 12
-64 -96
-100 29
41 47
41 -79
78 -61
84 -35
-52 0
21 39
-30 69
-58 97
37 -67
-22 -27
21 -74
15 -32
-68 -38
-98 -43
-90 33
-58 -61
68 -32
20 0
-99 13
-20 -88
7 -97
11 47
44 22
83 20
-88 -13
56 55
15 20
25 99
3 96
61 49
86 -63
30 25
-12 12
-40 -78
-66 -36
-59 70
-85 -64
-79 8
-24 69
100 -39
0 14
82 -18
13 -57
88 84
49 61
-59 -60
9 20
-24 72
-57 10
16 -16
-71 99
-97 -82
-10 10
-18 65
70 36
74 28
96 64
-23 44
-41 -80
-43 88
-14 -61
85 93
-97 38
-85 -15
-11 41
-5 -20
58 65
-12 -2
-44 89
63 9
-59 65
-16 29
81 16
-12 28
-9 -5
66 37
33 42
-67 75
87 -37
26 -10
54 25
-14 -42
-66 10
40 -67
37 66
-79 27
27 47
12 53
70 -59
-55 86
66 91
78 65
13 38
-58 -96
-48 32
-24 43
-7 64
51 -11
-6 63
-73 -12
34 4
22 -85
6 -4
25 -50
-91 5
12 -60
93 -5
-27 -56
15 67
10 30
53 83
35 31
85 -78
-4 98
-99 42
-19 100
45 44
57 99
-35 -31
-13 -78
82 -45
-41 -40
-18 9
-4 49
-59 33
-89 -1
67 -63
32 59
-92 95
-93 -45
46 -55
-35 55
8 2
-2 93
98 19
48 -18
77 6
